#Coverage	Number of genomic locations
0.0	12651.0
1.0	305.0
2.0	2264.0
3.0	273.0
4.0	3151.0
5.0	632.0
6.0	2304.0
7.0	380.0
8.0	2458.0
9.0	506.0
10.0	1246.0
11.0	300.0
12.0	1404.0
13.0	253.0
14.0	1212.0
15.0	566.0
16.0	1970.0
17.0	492.0
18.0	1673.0
19.0	305.0
20.0	1446.0
21.0	580.0
22.0	1332.0
23.0	332.0
24.0	1268.0
25.0	259.0
26.0	1363.0
27.0	242.0
28.0	655.0
29.0	435.0
30.0	588.0
31.0	338.0
32.0	825.0
33.0	217.0
34.0	488.0
35.0	265.0
36.0	712.0
37.0	445.0
38.0	1030.0
39.0	188.0
40.0	874.0
41.0	395.0
42.0	1096.0
43.0	275.0
44.0	920.0
45.0	398.0
46.0	802.0
47.0	527.0
48.0	973.0
49.0	369.0
50.0	614.0
51.0	292.0
52.0	453.0
53.0	169.0
54.0	583.0
55.0	145.0
56.0	463.0
57.0	218.0
58.0	311.0
59.0	165.0
60.0	643.0
61.0	186.0
62.0	754.0
63.0	259.0
64.0	559.0
65.0	262.0
66.0	656.0
67.0	418.0
68.0	282.0
69.0	343.0
70.0	475.0
71.0	214.0
72.0	593.0
73.0	219.0
74.0	190.0
75.0	384.0
76.0	241.0
77.0	123.0
78.0	180.0
79.0	192.0
80.0	445.0
81.0	248.0
82.0	320.0
83.0	184.0
84.0	151.0
85.0	65.0
86.0	238.0
87.0	276.0
88.0	476.0
89.0	494.0
90.0	112.0
91.0	146.0
92.0	249.0
93.0	97.0
94.0	42.0
95.0	135.0
96.0	439.0
97.0	198.0
98.0	187.0
99.0	256.0
100.0	320.0
101.0	125.0
102.0	125.0
103.0	118.0
104.0	382.0
105.0	110.0
106.0	232.0
107.0	131.0
108.0	221.0
109.0	88.0
110.0	87.0
111.0	187.0
112.0	216.0
113.0	191.0
114.0	213.0
115.0	356.0
116.0	79.0
117.0	116.0
118.0	145.0
119.0	98.0
120.0	281.0
121.0	142.0
122.0	111.0
123.0	140.0
124.0	149.0
125.0	97.0
126.0	78.0
127.0	77.0
128.0	153.0
129.0	97.0
130.0	46.0
131.0	77.0
132.0	192.0
133.0	234.0
134.0	100.0
135.0	100.0
136.0	113.0
137.0	55.0
138.0	124.0
139.0	75.0
140.0	313.0
141.0	105.0
142.0	103.0
143.0	171.0
144.0	207.0
145.0	71.0
146.0	267.0
147.0	144.0
148.0	78.0
149.0	214.0
150.0	157.0
151.0	90.0
152.0	157.0
153.0	226.0
154.0	147.0
155.0	80.0
156.0	52.0
157.0	111.0
158.0	82.0
159.0	87.0
160.0	170.0
161.0	241.0
162.0	93.0
163.0	209.0
164.0	144.0
165.0	182.0
166.0	185.0
167.0	313.0
168.0	85.0
169.0	139.0
170.0	40.0
171.0	58.0
172.0	145.0
173.0	166.0
174.0	32.0
175.0	150.0
176.0	119.0
177.0	116.0
178.0	143.0
179.0	87.0
180.0	239.0
181.0	100.0
182.0	80.0
183.0	99.0
184.0	160.0
185.0	39.0
186.0	97.0
187.0	316.0
188.0	107.0
189.0	72.0
190.0	75.0
191.0	70.0
192.0	208.0
193.0	193.0
194.0	102.0
195.0	61.0
196.0	30.0
197.0	27.0
198.0	26.0
199.0	47.0
200.0	87.0
201.0	182.0
202.0	164.0
203.0	112.0
204.0	33.0
205.0	21.0
206.0	73.0
207.0	117.0
208.0	143.0
209.0	89.0
210.0	21.0
211.0	42.0
212.0	112.0
213.0	101.0
214.0	108.0
215.0	108.0
216.0	99.0
217.0	56.0
218.0	287.0
219.0	46.0
220.0	29.0
221.0	45.0
222.0	31.0
223.0	92.0
224.0	29.0
225.0	28.0
226.0	8.0
227.0	37.0
228.0	111.0
229.0	54.0
230.0	15.0
231.0	1.0
232.0	3.0
233.0	5.0
234.0	6.0
235.0	50.0
236.0	36.0
237.0	56.0
238.0	10.0
239.0	32.0
240.0	17.0
241.0	116.0
242.0	142.0
243.0	37.0
244.0	10.0
245.0	9.0
246.0	7.0
247.0	11.0
248.0	42.0
249.0	10.0
250.0	16.0
251.0	28.0
252.0	22.0
253.0	7.0
254.0	21.0
255.0	87.0
256.0	112.0
257.0	24.0
258.0	41.0
259.0	29.0
260.0	9.0
261.0	11.0
262.0	4.0
263.0	2.0
264.0	9.0
265.0	41.0
266.0	24.0
267.0	44.0
268.0	53.0
269.0	19.0
270.0	43.0
271.0	23.0
272.0	24.0
273.0	24.0
274.0	59.0
275.0	133.0
276.0	30.0
277.0	79.0
278.0	30.0
279.0	9.0
280.0	16.0
281.0	17.0
282.0	6.0
283.0	8.0
284.0	6.0
285.0	12.0
286.0	10.0
287.0	26.0
288.0	44.0
289.0	40.0
290.0	50.0
291.0	123.0
292.0	17.0
293.0	9.0
294.0	23.0
295.0	46.0
296.0	8.0
297.0	71.0
298.0	21.0
299.0	16.0
300.0	83.0
301.0	40.0
302.0	54.0
303.0	14.0
304.0	15.0
305.0	90.0
306.0	72.0
307.0	116.0
308.0	13.0
309.0	21.0
310.0	44.0
311.0	93.0
312.0	97.0
313.0	56.0
314.0	37.0
315.0	19.0
316.0	2.0
317.0	1.0
318.0	5.0
319.0	7.0
320.0	4.0
321.0	3.0
322.0	4.0
323.0	15.0
324.0	7.0
325.0	3.0
326.0	15.0
327.0	31.0
328.0	31.0
329.0	27.0
330.0	10.0
331.0	51.0
332.0	22.0
333.0	14.0
334.0	37.0
335.0	2.0
336.0	4.0
337.0	7.0
338.0	3.0
339.0	18.0
340.0	37.0
341.0	64.0
342.0	27.0
343.0	6.0
344.0	58.0
345.0	32.0
346.0	1.0
349.0	1.0
350.0	3.0
351.0	16.0
352.0	1.0
353.0	3.0
354.0	7.0
355.0	2.0
356.0	4.0
357.0	4.0
358.0	9.0
359.0	8.0
360.0	13.0
361.0	3.0
362.0	18.0
363.0	5.0
364.0	42.0
365.0	23.0
366.0	25.0
367.0	35.0
368.0	22.0
369.0	3.0
370.0	4.0
371.0	8.0
372.0	6.0
373.0	1.0
374.0	3.0
375.0	7.0
376.0	13.0
377.0	78.0
378.0	31.0
379.0	2.0
380.0	7.0
381.0	11.0
382.0	13.0
383.0	10.0
384.0	3.0
385.0	1.0
386.0	7.0
387.0	7.0
388.0	16.0
389.0	3.0
390.0	1.0
391.0	7.0
392.0	14.0
393.0	13.0
394.0	4.0
395.0	18.0
396.0	10.0
397.0	13.0
398.0	8.0
399.0	1.0
400.0	3.0
401.0	1.0
402.0	25.0
403.0	69.0
404.0	1.0
405.0	2.0
406.0	2.0
407.0	3.0
410.0	3.0
411.0	7.0
413.0	2.0
414.0	3.0
415.0	5.0
416.0	2.0
417.0	11.0
418.0	29.0
419.0	39.0
420.0	9.0
421.0	1.0
422.0	35.0
423.0	51.0
424.0	10.0
425.0	6.0
426.0	6.0
427.0	6.0
428.0	9.0
429.0	16.0
430.0	15.0
431.0	12.0
432.0	21.0
433.0	1.0
435.0	1.0
438.0	2.0
440.0	20.0
441.0	4.0
442.0	13.0
443.0	4.0
444.0	2.0
445.0	1.0
446.0	2.0
447.0	8.0
448.0	1.0
452.0	2.0
454.0	1.0
455.0	1.0
456.0	1.0
459.0	1.0
460.0	1.0
461.0	1.0
463.0	1.0
469.0	1.0
471.0	17.0
472.0	50.0
473.0	6.0
474.0	2.0
476.0	1.0
477.0	5.0
478.0	2.0
479.0	5.0
481.0	2.0
482.0	3.0
483.0	2.0
484.0	1.0
485.0	10.0
486.0	5.0
487.0	2.0
488.0	4.0
489.0	2.0
492.0	4.0
493.0	1.0
494.0	2.0
495.0	3.0
496.0	5.0
497.0	1.0
498.0	3.0
499.0	15.0
500.0	38.0
501.0	2.0
504.0	1.0
505.0	1.0
506.0	2.0
508.0	1.0
509.0	3.0
510.0	2.0
511.0	1.0
513.0	1.0
514.0	2.0
517.0	1.0
519.0	2.0
520.0	12.0
521.0	2.0
522.0	3.0
523.0	7.0
524.0	4.0
525.0	1.0
526.0	8.0
527.0	2.0
528.0	6.0
529.0	2.0
531.0	29.0
532.0	5.0
533.0	1.0
535.0	1.0
536.0	1.0
537.0	1.0
538.0	5.0
540.0	2.0
541.0	1.0
543.0	2.0
544.0	2.0
545.0	4.0
546.0	5.0
547.0	2.0
548.0	5.0
549.0	3.0
550.0	3.0
551.0	8.0
552.0	4.0
553.0	4.0
554.0	1.0
555.0	1.0
556.0	2.0
557.0	3.0
558.0	1.0
560.0	4.0
561.0	1.0
562.0	4.0
565.0	1.0
566.0	3.0
567.0	5.0
568.0	37.0
569.0	27.0
570.0	2.0
571.0	60.0
572.0	61.0
578.0	1.0
579.0	1.0
580.0	1.0
581.0	3.0
583.0	1.0
584.0	2.0
585.0	1.0
587.0	1.0
589.0	1.0
590.0	1.0
591.0	1.0
592.0	4.0
593.0	3.0
594.0	2.0
596.0	2.0
597.0	1.0
599.0	3.0
600.0	5.0
602.0	3.0
603.0	4.0
604.0	9.0
605.0	2.0
606.0	5.0
608.0	4.0
609.0	1.0
610.0	1.0
615.0	1.0
618.0	1.0
620.0	1.0
625.0	1.0
626.0	5.0
627.0	2.0
628.0	1.0
629.0	1.0
633.0	1.0
635.0	1.0
636.0	1.0
641.0	23.0
642.0	4.0
643.0	10.0
644.0	5.0
645.0	40.0
692.0	2.0
693.0	3.0
697.0	1.0
709.0	1.0
713.0	1.0
716.0	1.0
718.0	4.0
722.0	1.0
723.0	2.0
724.0	2.0
725.0	1.0
727.0	3.0
728.0	5.0
729.0	3.0
730.0	1.0
731.0	2.0
732.0	1.0
733.0	4.0
734.0	4.0
735.0	1.0
736.0	4.0
737.0	1.0
738.0	1.0
739.0	4.0
740.0	1.0
847.0	1.0
848.0	2.0
849.0	11.0
850.0	15.0
851.0	21.0
852.0	5.0
