#Read position (bp)	Clipping profile
0.0	1.6650181338608638
1.0	1.6650181338608638
2.0	1.3353115727002967
3.0	1.0880316518298714
4.0	0.9891196834817012
5.0	0.9561490273656446
6.0	0.8077810748433895
7.0	0.7583250906693043
8.0	0.741839762611276
9.0	0.6758984503791625
10.0	0.6429277942631058
11.0	0.6099571381470491
12.0	0.6099571381470491
13.0	0.5769864820309925
14.0	0.5769864820309925
15.0	0.5769864820309925
16.0	0.5440158259149357
17.0	0.511045169798879
18.0	0.4945598417408506
19.0	0.4780745136828223
20.0	0.34619188921859545
21.0	0.34619188921859545
22.0	0.3297065611605671
23.0	0.3297065611605671
24.0	0.3297065611605671
25.0	0.26376524892845365
26.0	0.23079459281239698
27.0	0.23079459281239698
28.0	0.23079459281239698
29.0	0.23079459281239698
30.0	0.26376524892845365
31.0	0.26376524892845365
32.0	0.26376524892845365
33.0	0.23079459281239698
34.0	0.23079459281239698
35.0	0.23079459281239698
36.0	0.21430926475436862
37.0	0.21430926475436862
38.0	0.19782393669634024
39.0	0.19782393669634024
40.0	0.19782393669634024
41.0	0.19782393669634024
42.0	0.19782393669634024
43.0	0.19782393669634024
44.0	0.19782393669634024
45.0	0.19782393669634024
46.0	0.19782393669634024
47.0	0.19782393669634024
48.0	0.1813386086383119
49.0	0.21430926475436862
50.0	0.21430926475436862
51.0	0.21430926475436862
52.0	0.21430926475436862
53.0	0.21430926475436862
54.0	0.21430926475436862
55.0	0.21430926475436862
56.0	0.21430926475436862
57.0	0.1813386086383119
58.0	0.1813386086383119
59.0	0.1813386086383119
60.0	0.1813386086383119
61.0	0.1813386086383119
62.0	0.1813386086383119
63.0	0.1813386086383119
64.0	0.1813386086383119
65.0	0.19782393669634024
66.0	0.19782393669634024
67.0	0.19782393669634024
68.0	0.19782393669634024
69.0	0.21430926475436862
70.0	0.21430926475436862
71.0	0.23079459281239698
72.0	0.23079459281239698
73.0	0.23079459281239698
74.0	0.23079459281239698
75.0	0.23079459281239698
76.0	0.23079459281239698
77.0	0.21430926475436862
78.0	0.21430926475436862
79.0	0.21430926475436862
80.0	0.21430926475436862
81.0	0.21430926475436862
82.0	0.21430926475436862
83.0	0.21430926475436862
84.0	0.19782393669634024
85.0	0.19782393669634024
86.0	0.19782393669634024
87.0	0.19782393669634024
88.0	0.19782393669634024
89.0	0.19782393669634024
90.0	0.19782393669634024
91.0	0.21430926475436862
92.0	0.21430926475436862
93.0	0.19782393669634024
94.0	0.19782393669634024
95.0	0.19782393669634024
96.0	0.19782393669634024
97.0	0.19782393669634024
98.0	0.19782393669634024
99.0	0.19782393669634024
100.0	0.19782393669634024
101.0	0.19782393669634024
102.0	0.19782393669634024
103.0	0.19782393669634024
104.0	0.19782393669634024
105.0	0.19782393669634024
106.0	0.21430926475436862
107.0	0.21430926475436862
108.0	0.21430926475436862
109.0	0.21430926475436862
110.0	0.21430926475436862
111.0	0.21430926475436862
112.0	0.21430926475436862
113.0	0.21430926475436862
114.0	0.21430926475436862
115.0	0.21430926475436862
116.0	0.23079459281239698
117.0	0.21430926475436862
118.0	0.21430926475436862
119.0	0.21430926475436862
120.0	0.21430926475436862
121.0	0.21430926475436862
122.0	0.21430926475436862
123.0	0.19782393669634024
124.0	0.19782393669634024
125.0	0.19782393669634024
126.0	0.1813386086383119
127.0	0.1813386086383119
128.0	0.1813386086383119
129.0	0.1813386086383119
130.0	0.1813386086383119
131.0	0.1813386086383119
132.0	0.1813386086383119
133.0	0.1813386086383119
134.0	0.1813386086383119
135.0	0.1813386086383119
136.0	0.16485328058028356
137.0	0.16485328058028356
138.0	0.16485328058028356
139.0	0.1483679525222552
140.0	0.1483679525222552
141.0	0.1483679525222552
142.0	0.1483679525222552
143.0	0.16485328058028356
144.0	0.1483679525222552
145.0	0.1483679525222552
146.0	0.1483679525222552
147.0	0.1483679525222552
148.0	0.1483679525222552
149.0	0.1483679525222552
150.0	0.1483679525222552
151.0	0.1483679525222552
152.0	0.1483679525222552
153.0	0.1483679525222552
154.0	0.1483679525222552
155.0	0.16485328058028356
156.0	0.1483679525222552
157.0	0.1483679525222552
158.0	0.1483679525222552
159.0	0.1483679525222552
160.0	0.1813386086383119
161.0	0.1813386086383119
162.0	0.16485328058028356
163.0	0.1483679525222552
164.0	0.1483679525222552
165.0	0.13188262446422683
166.0	0.11539729640619849
167.0	0.11539729640619849
168.0	0.11539729640619849
169.0	0.11539729640619849
170.0	0.11539729640619849
171.0	0.11539729640619849
172.0	0.11539729640619849
173.0	0.11539729640619849
174.0	0.11539729640619849
175.0	0.46158918562479395
176.0	0.46158918562479395
177.0	0.46158918562479395
178.0	0.44510385756676557
179.0	0.41213320145070886
180.0	0.2967359050445104
181.0	0.2472799208704253
182.0	0.26376524892845365
183.0	0.26376524892845365
184.0	0.28025057698648204
185.0	0.28025057698648204
186.0	0.26376524892845365
187.0	0.2472799208704253
188.0	0.23079459281239698
189.0	0.23079459281239698
190.0	0.21430926475436862
191.0	0.16485328058028356
192.0	0.13188262446422683
193.0	0.13188262446422683
194.0	0.11539729640619849
195.0	0.1483679525222552
196.0	0.1483679525222552
197.0	0.11539729640619849
198.0	0.13188262446422683
199.0	0.13188262446422683
200.0	0.13188262446422683
201.0	0.11539729640619849
202.0	0.11539729640619849
203.0	0.09891196834817012
204.0	0.09891196834817012
205.0	0.11539729640619849
206.0	0.11539729640619849
207.0	0.11539729640619849
208.0	0.13188262446422683
209.0	0.13188262446422683
210.0	0.13188262446422683
211.0	0.11539729640619849
212.0	0.11539729640619849
213.0	0.09891196834817012
214.0	0.09891196834817012
215.0	0.09891196834817012
216.0	0.09891196834817012
217.0	0.09891196834817012
218.0	0.09891196834817012
219.0	0.09891196834817012
220.0	0.11539729640619849
221.0	0.1483679525222552
222.0	0.1483679525222552
223.0	0.23079459281239698
224.0	0.3626772172766238
225.0	0.37916254533465216
226.0	1.4177382129904386
227.0	1.483679525222552
228.0	1.483679525222552
229.0	1.483679525222552
230.0	1.483679525222552
231.0	1.5001648532805802
232.0	1.5496208374546654
233.0	1.582591493570722
234.0	1.533135509396637
235.0	1.533135509396637
236.0	1.5661061655126935
237.0	1.5661061655126935
238.0	1.5661061655126935
239.0	1.8133860863831188
240.0	1.7804154302670623
241.0	1.8628420705572042
242.0	1.8958127266732607
243.0	1.9287833827893175
244.0	1.8958127266732607
245.0	1.8793273986152326
246.0	1.9287833827893175
247.0	2.1101219914276292
248.0	2.2090339597757995
249.0	2.225519287833828
250.0	2.225519287833828
