# Position (bp)	A	C	G	T	N
0.0	22.666005946481665	26.558473736372644	25.810208126858274	24.965312190287413	0.0
1.0	26.573339940535185	25.18334985133796	23.976709613478693	24.266600594648168	0.0
2.0	26.936602278355622	24.784546805349184	24.88855869242199	23.390292223873203	0.0
3.0	24.020299542022528	25.287783141477902	24.381730412179724	26.310186904319842	0.0
4.0	25.640454444196926	24.608301774708547	23.647929506695377	26.103314274399146	0.0
5.0	23.161646412395122	29.47553399500037	21.028141474642972	26.334678117961534	0.0
6.0	24.908443036721767	22.659111155102448	28.20696822725923	24.22547758091656	0.0
7.0	24.963503649635037	22.922182358035386	29.330694049239142	22.783619943090436	0.0
8.0	22.933986539984165	24.683293745051465	24.47050673000792	27.912212984956454	0.0
9.0	29.4210786739238	25.03463631865413	23.46610588817417	22.0781791192479	0.0
10.0	26.39899064865667	21.00588788283608	25.359952501113252	27.235168967393992	0.0
11.0	28.64140114783297	24.497823075400753	23.829903027904216	23.030872748862063	0.0
12.0	25.118741341777163	29.900554126261625	20.01286364535919	24.96784088660202	0.0
13.0	21.87948350071736	25.876910898926436	25.04823628357987	27.19536931677633	0.0
14.0	25.800227576312274	22.25547914708356	23.440360164250727	28.503933112353437	0.0
15.0	27.586206896551722	26.15643397813289	23.915302033344876	22.342057091970513	0.0
16.0	27.7332541802711	20.990402691204118	26.1031958048877	25.173147323637085	0.0
17.0	23.977244620331437	21.741281226811772	25.087806084590653	29.19366806826614	0.0
18.0	24.594988993594026	24.911577749746485	24.67413618263214	25.819297074027354	0.0
19.0	20.515927977839336	24.740304709141274	26.204491491887616	28.539275821131778	0.0
20.0	24.802176063303662	22.93521266073195	25.37339268051434	26.88921859545005	0.0
21.0	21.980712166172108	29.972799208704252	21.52818991097923	26.51829871414441	0.0
22.0	26.4187334635642	26.83415345812418	18.9659009421132	27.781212136198413	0.0
23.0	28.258450582329814	24.049850399347196	21.59194876486734	26.09975025345565	0.0
24.0	25.375238001038554	25.271383002398558	19.893177715684576	29.460201280878316	0.0
25.0	22.062059587093582	27.775992088020768	23.073309432562738	27.08863889232291	0.0
26.0	26.879620243775804	24.080895987341457	23.08453037308082	25.954953395801915	0.0
27.0	23.153756768116303	29.73768141024056	24.671792716394293	22.436769105248842	0.0
28.0	28.36304299453606	24.033920933567384	20.6294657205726	26.973570351323957	0.0
29.0	22.10052661507652	31.38922540608698	21.808786807427	24.7014611714095	0.0
30.0	31.613956133626765	24.46774313197003	22.08649637743874	21.831804356964465	0.0
31.0	22.812700924872644	28.38172016420199	22.847321826005242	25.95825708492012	0.0
32.0	32.96651664276175	20.891240912013455	23.3072852267669	22.834957218457884	0.0
33.0	21.47838559699278	28.284202196062914	24.77989909981205	25.457513107132257	0.0
34.0	30.72870287919264	21.848718709805084	20.55753438211141	26.865044028890868	0.0
35.0	25.429808286951143	28.037105751391465	23.401360544217688	23.131725417439704	0.0
36.0	25.543599257884974	30.8843537414966	23.072356215213357	20.499690785405072	0.0
37.0	26.820037105751393	20.462585034013607	21.199752628324056	31.517625231910944	0.0
38.0	28.092917398510746	19.28852386017861	24.68396704846251	27.93459169284813	0.0
39.0	25.807728464697444	23.28682400672901	24.696947206966506	26.208500321607048	0.0
40.0	27.786437071674214	22.3162374130978	24.66909126895767	25.22823424627032	0.0
41.0	24.909684762705993	27.661206512594642	23.583411689018657	23.845697035680704	0.0
42.0	30.198950806691084	24.49767395823023	21.627239433831534	23.676135801247156	0.0
43.0	24.16608928041176	27.19736711867762	24.821835098485597	23.814708502425024	0.0
44.0	22.883306521470114	24.92513302809058	27.919811904467267	24.271748545972034	0.0
45.0	23.959802975173883	26.291428429989356	27.533971931387835	22.214796663448926	0.0
46.0	25.530966879548494	23.241249566810236	25.21164414079905	26.01613941284222	0.0
47.0	20.315865039483132	25.02908631829096	27.8783077951333	26.776740847092604	0.0
48.0	23.415527827292536	23.923054070112894	26.96821152703506	25.69320657555952	0.0
49.0	21.364896988906498	22.95958795562599	28.134904912836767	27.540610142630744	0.0
50.0	25.903271340481908	23.129689705554593	25.04643272826329	25.920606225700205	0.0
51.0	24.81919952446998	28.375767782841294	26.483554586883294	20.32147810580543	0.0
52.0	27.458945334753427	24.74178287469348	23.295271592400862	24.50400019815223	0.0
53.0	27.433299477295808	22.991552505759653	28.602571407337678	20.972576609606858	0.0
54.0	22.846312033894105	25.854166150491814	26.535516959441047	24.764004856173038	0.0
55.0	25.55194885645613	31.95728126471244	22.53884084545432	19.95192903337711	0.0
56.0	27.465120313235698	25.390925086115036	23.90404678710381	23.23990781354546	0.0
57.0	25.736733833990133	23.515998711180508	28.95134706421791	21.795920390611446	0.0
58.0	25.568886024490606	24.27247037826583	27.678350106588667	22.4802934906549	0.0
59.0	25.7083364319179	23.291440469993308	27.257628715202898	23.742594382885898	0.0
60.0	24.114934549781832	23.97857992859976	25.642106307021024	26.264379214597383	0.0
61.0	22.840424476842212	25.81820886640881	27.315779034017652	24.02558762273133	0.0
62.0	23.37027945151132	24.23566168266012	26.296213642788068	26.097845223040494	0.0
63.0	27.698145025295112	25.034718777899016	25.63981747842476	21.627318718381115	0.0
64.0	28.391448836863255	26.980308516442637	20.859580377957442	23.76866226873667	0.0
65.0	26.101299732116278	25.352217481893046	24.508879849191388	24.037602936799285	0.0
66.0	26.370491640621125	24.386069355558863	22.510790296175028	26.732648707644984	0.0
67.0	25.549545973304223	28.14221207760631	23.17024760581551	23.137994343273956	0.0
68.0	25.046529518326427	24.64947762860759	26.721592178077774	23.582400674988214	0.0
69.0	27.04158907510863	26.24705152079454	25.561762880198636	21.1495965238982	0.0
70.0	25.651213031710164	28.521765041841523	24.551165851357055	21.275856075091255	0.0
71.0	25.362012866049028	22.115695089540747	29.2988251657932	23.223466878617025	0.0
72.0	22.24182048542966	26.678756862842523	26.092465157876433	24.98695749385139	0.0
73.0	25.479479280532647	26.73159097684587	20.838716088641558	26.950213653979926	0.0
74.0	26.26649109294641	26.254068424060222	24.045317896096797	23.43412258689657	0.0
75.0	23.942646985736296	25.20997962327916	23.443168828587048	27.404204562397496	0.0
76.0	23.99532768347541	27.50205035166638	24.996893406566095	23.50572855829212	0.0
77.0	23.450557103064067	27.7233386390768	26.223637087146834	22.602467170712295	0.0
78.0	28.29601990049751	24.547263681592042	19.388059701492537	27.76865671641791	0.0
79.0	25.979648197447318	25.55171298484811	25.163585699002315	23.30505311870226	0.0
80.0	22.611227232009558	27.090176171991637	22.544042997909823	27.754553598088982	0.0
81.0	27.178619419698403	25.379485392922906	23.436022495396408	24.005872691982283	0.0
82.0	22.35414177618479	29.960673038630027	23.750497809637594	23.934687375547593	0.0
83.0	27.702955015061363	22.776270258159276	26.144539321367223	23.37623540541213	0.0
84.0	23.34794083959962	19.38897465265674	32.20457148548379	25.05851302225985	0.0
85.0	23.63971412207087	24.28966307244067	28.03496277112334	24.035660034365115	0.0
86.0	24.341892262097478	23.998206858765222	25.13386297412398	26.52603790501332	0.0
87.0	25.35060406028148	20.37115456470295	30.626479013575786	23.651762361439783	0.0
88.0	25.735568898079176	27.4222078277984	25.97972047136202	20.862502802760407	0.0
89.0	27.062517130540954	20.172925024294223	25.63725612338973	27.127301721775098	0.0
90.0	24.2841835081861	22.811433128161678	28.575344513942536	24.329038849709686	0.0
91.0	26.502841192303855	24.738311235170972	22.00677898514605	26.752068587379124	0.0
92.0	25.997656970512722	26.24691542660585	22.30364665121264	25.451780951668784	0.0
93.0	27.506356249065256	22.41387905678249	26.030709407248615	24.049055286903634	0.0
94.0	26.155572176514585	24.57741211667913	27.17526801296435	22.091747693841935	0.0
95.0	25.056101331471602	26.92115892883858	26.105819578117988	21.916920161571834	0.0
96.0	24.948253073642736	25.038030873587868	21.55415347016135	28.459562582608044	0.0
97.0	23.25842416381912	26.333773975506947	24.7823809642581	25.625420896415836	0.0
98.0	24.39571952405897	25.914839482152214	25.09416548180299	24.595275511985832	0.0
99.0	29.037329074757963	27.026150314402635	21.314502445353828	22.622018165485578	0.0
100.0	25.8660277528202	22.249675551562344	25.147249675551564	26.73704702006589	0.0
101.0	22.55004742648894	23.67081024412161	28.24871449253657	25.530427836852876	0.0
102.0	27.084581585779908	29.795785899740363	20.825843818653887	22.293788695825846	0.0
103.0	24.044248008589907	28.391639823207733	23.39251379628936	24.171598371913003	0.0
104.0	26.07338212153758	26.9425781152434	22.591602767440115	24.392436995778905	0.0
105.0	23.667382724684018	27.40420642453914	23.1802967477644	25.748114103012437	0.0
106.0	24.142496689899822	24.542206899997502	26.220989782407756	25.094306627694923	0.0
107.0	28.862398160643778	28.43754685859949	21.784875293647225	20.91517968710951	0.0
108.0	23.8127374525095	22.83043391321736	28.31183763247351	25.044991001799637	0.0
109.0	24.70058757344668	27.24590573821728	25.645705713214152	22.40780097512189	0.0
110.0	29.337902398759347	23.11463518347132	22.999574776757797	24.54788764101153	0.0
111.0	24.075046904315197	26.051282051282048	27.144465290806753	22.729205753595995	0.0
112.0	21.16087065298974	27.030272704528397	25.90442832124093	25.90442832124093	0.0
113.0	21.39335852456145	26.78361402367308	25.90525762618553	25.91776982557994	0.0
114.0	23.590218506745426	26.90411233199009	23.890571421420166	25.615097739844316	0.0
115.0	21.57162168928053	27.181695288639663	23.95233565313173	27.29434736894808	0.0
116.0	23.730808725924813	24.472161695093543	28.023643148746462	23.77338643023518	0.0
117.0	23.53471821986118	28.01513518931516	27.01531059713835	21.43483599368532	0.0
118.0	24.169737072962878	23.63084943730105	25.959345314184024	26.240068175552047	0.0
119.0	24.823886284439318	29.130838075659955	23.35982351024092	22.685452129659804	0.0
120.0	24.818177258363846	29.031449064553343	26.129808898028788	20.02056477905402	0.0
121.0	25.227010485125167	26.40846836903627	24.936035719660865	23.428485426177694	0.0
122.0	26.25517500940911	26.82724877681596	20.55200100363819	26.365575210136743	0.0
123.0	20.171189035869375	25.66078465824945	28.125705966515223	26.042320339365947	0.0
124.0	24.44946641556811	26.27997489014438	27.683615819209038	21.586942875078467	0.0
125.0	28.32240725391204	24.527164494009497	23.44962700625424	23.70080124582423	0.0
126.0	26.90481573592584	25.93764915718341	24.317331122666868	22.84020398422388	0.0
127.0	23.37078086908442	27.3367010982935	28.05297946668677	21.23953856593531	0.0
128.0	25.90832516154987	28.44032083679063	21.85763496014684	23.79371904151266	0.0
129.0	24.73529337793315	24.843439551319133	28.185910817132363	22.23535625361535	0.0
130.0	28.16139662415415	21.03992151535733	27.7991598118381	22.999522048650416	0.0
131.0	25.196870204040557	31.136941152791405	19.73985458021989	23.926334062948147	0.0
132.0	26.125695300898542	24.31602526994035	25.151644811356373	24.406634617804738	0.0
133.0	23.32133235982779	23.19544802235706	27.1759107731816	26.307308844633553	0.0
134.0	21.601470995692804	26.25374675700864	29.02949547870331	23.11528676859525	0.0
135.0	21.332661544275098	22.71318805894949	29.630935886131756	26.323214510643655	0.0
136.0	24.739176452799757	25.311224232649565	26.155435713925712	23.79416360062497	0.0
137.0	26.112161310649025	26.79017013232514	24.693131695022057	22.40453686200378	0.0
138.0	27.154672449442735	27.34883251802915	23.967421453426798	21.529073579101315	0.0
139.0	27.664833778943652	22.022398224284924	24.471573424809563	25.84119457196186	0.0
140.0	26.8610781766353	22.88035115158548	29.56030372594031	20.698266945838903	0.0
141.0	23.179225760864078	28.8976934336042	26.462423661232528	21.460657144299198	0.0
142.0	25.515307668990605	26.894513488936038	24.681721733858744	22.908457108214613	0.0
143.0	24.70050042966183	28.125157963908404	24.36435323257342	22.809988373856342	0.0
144.0	27.01752611213677	26.4712576818998	25.482410662350475	21.028805543612958	0.0
145.0	25.64517761360186	27.889383665620887	24.162534156461895	22.302904564315355	0.0
146.0	23.45644634584715	29.63572386907323	23.20583246842012	23.701997316659494	0.0
147.0	25.849271690943638	26.14566181127296	24.44838505383154	23.55668144395187	0.0
148.0	27.787072243346007	26.435994930291507	24.365019011406844	21.41191381495564	0.0
149.0	25.834686421757663	27.022021514105948	23.330627156484677	23.812664907651715	0.0
150.0	28.062649134385946	26.359344062547596	23.462963903132454	22.115042899934	0.0
151.0	27.177833087824453	26.57083354497892	21.763092395997358	24.488240971199268	0.0
152.0	25.18622092284225	27.629337739926275	24.47692894368883	22.707512393542647	0.0
153.0	26.51197109635397	20.86609164694807	28.70264356410452	23.919293692593442	0.0
154.0	26.059942451172617	22.533166967991647	32.14331185862341	19.26357872221232	0.0
155.0	27.565735833673056	27.000101916021197	24.518446799836934	20.915715450468813	0.0
156.0	28.4989547748942	24.603579258654975	25.60291643297813	21.294549533472697	0.0
157.0	28.194990051527984	19.338299066374166	28.38885771134126	24.077853170756594	0.0
158.0	22.020877466118783	24.48380592634185	29.437737678977054	24.05757892856231	0.0
159.0	27.34913903224158	18.09820653007	27.885647130959075	26.667007306729346	0.0
160.0	25.401090043755275	24.873979683222025	28.75566131879942	20.96926895422328	0.0
161.0	28.556059325290096	24.134839519454903	25.126155895386663	22.182945259868337	0.0
162.0	32.66023502848053	22.928105916765023	24.033971365525737	20.377687689228715	0.0
163.0	23.960126403411863	26.96092284767361	26.796495645248307	22.282455103666212	0.0
164.0	30.812771760104972	23.979211155993514	24.37800704968225	20.83001003421926	0.0
165.0	26.367031551835158	23.726980038634903	26.619446233097232	23.28654217643271	0.0
166.0	28.611218568665375	27.164410058027077	23.55899419729207	20.665377176015472	0.0
167.0	29.277802163753258	26.23873583103101	25.035503111363578	19.447958893852153	0.0
168.0	29.256446029039424	23.810261974887613	26.755541776468768	20.177750219604196	0.0
169.0	27.116627876907163	20.12929919834497	31.17145073700543	21.582622187742437	0.0
170.0	26.556027340513673	25.318454846727423	28.58585335542668	19.53966445733223	0.0
171.0	27.691948779096894	25.532687023692258	23.19197470060656	23.583389496604283	0.0
172.0	24.135336395007915	27.059495083158197	25.795905658908698	23.009262862925198	0.0
173.0	27.701421185273716	29.27329886461067	21.699706409623527	21.325573540492087	0.0
174.0	23.066916432511185	27.724008741804557	24.768446248308877	24.440628577375378	0.0
175.0	25.439899898334247	24.861187143192303	21.97023018169495	27.728682776778502	0.0
176.0	28.659029825431205	22.9313988988336	26.88985726587167	21.519714009863527	0.0
177.0	29.715748772076495	21.773435050684505	22.685233566725884	25.825582610513116	0.0
178.0	27.053961444900736	20.67693756375716	28.479506159922575	23.789594831419528	0.0
179.0	25.883123689727462	21.70335429769392	24.53616352201258	27.87735849056604	0.0
180.0	28.362949158770572	23.35231895850285	23.15021391637576	25.13451796635082	0.0
181.0	25.11438338154089	23.80226137260058	28.235603470943992	22.847751774914542	0.0
182.0	26.442928268486078	26.089934406364428	23.27125207449751	24.195885250651987	0.0
183.0	30.85392902408112	19.901246303337558	26.428495986480776	22.816328686100547	0.0
184.0	29.80018525870054	24.022760354638084	24.83525208416038	21.34180230250099	0.0
185.0	28.039267710267975	23.305916688776865	24.120456354470683	24.534359246484478	0.0
186.0	25.4607345158631	22.176422093981863	25.513921761561576	26.848921628593462	0.0
187.0	26.26696169123724	23.382474474154247	25.50185278984831	24.848711044760204	0.0
188.0	24.727534993054814	25.64376535954696	27.027460198739185	22.601239448659044	0.0
189.0	30.05249343832021	25.93604370882211	22.623064974021105	21.388397878836575	0.0
190.0	26.130599318285512	21.326390939101962	23.30443651198368	29.238573230628838	0.0
191.0	26.16362021159178	22.553638248041565	27.93496110049264	23.347780439874015	0.0
192.0	28.806784421757687	21.20942040728137	23.734672932533897	26.249122238427052	0.0
193.0	26.003358067486325	23.660835183881275	26.328332340356386	24.00747440827601	0.0
194.0	30.09263032081058	22.796294787167575	23.192893814685032	23.91818107733681	0.0
195.0	27.419178978356868	20.555525268494794	23.213214850351633	28.812080902796705	0.0
196.0	24.718332968715817	21.699299934368845	28.442900896959088	25.139466199956246	0.0
197.0	27.43848857644991	23.558326010544818	20.647517574692444	28.355667838312833	0.0
198.0	22.936108128939907	27.010212789385307	24.587772180471827	25.465906901202963	0.0
199.0	27.032627013288398	23.33066276210736	22.61513385087162	27.021576373732632	0.0
200.0	26.642993869115323	23.180847227231116	26.218548006768938	23.957610896884624	0.0
201.0	27.637841298115728	23.248629241003087	22.747641181218516	26.36588827966267	0.0
202.0	27.936206463145545	19.894980867525067	23.296930424824737	28.871882244504647	0.0
203.0	23.536013917337748	27.31838716013356	25.66850921743034	23.477089705098347	0.0
204.0	28.865282200118347	22.722533742849897	24.70342923159289	23.70875482543887	0.0
205.0	27.805747256476977	23.950673153071612	22.132028510012443	26.111551080438964	0.0
206.0	32.050154605543106	22.56957249439732	20.64622280219001	24.734050097869563	0.0
207.0	29.245578560647058	22.95730925867912	26.93019679321049	20.866915387463333	0.0
208.0	30.957900460776738	19.693197103689076	23.09893821012564	26.249964225408544	0.0
209.0	24.856986805415815	25.78549458130911	23.658263144278035	25.69925546899704	0.0
210.0	26.310005783689995	21.925968768074032	24.583574320416428	27.18045112781955	0.0
211.0	28.635359758223878	23.163431361153087	21.663954434499594	26.53725444612344	0.0
212.0	34.84406027333256	19.220885410582873	22.20242962270763	23.73262469337694	0.0
213.0	26.457293806868215	23.18461990020546	25.427061931317873	24.931024361608454	0.0
214.0	28.15284744762467	23.605783416937147	22.71761581587489	25.52375331956329	0.0
215.0	27.241726960028465	22.245285256790417	25.862886964772862	24.650100818408255	0.0
216.0	25.82461786001609	23.390244629182682	24.65659545305563	26.128542057745598	0.0
217.0	28.35280023959269	25.471698113207548	19.269242288110213	26.906259359089546	0.0
218.0	27.537061588525972	30.75509220200072	20.145835844281066	21.56201036519224	0.0
219.0	27.61445344498043	26.595066897242198	19.90534267771002	25.88513698006735	0.0
220.0	27.76828226101819	25.396776950311317	18.76754974972531	28.067391038945182	0.0
221.0	27.251469185563522	25.054613704193716	22.651610719670163	25.042306390572598	0.0
222.0	31.324294205052006	22.340886577513622	20.86738484398217	25.467434373452203	0.0
223.0	27.492992837122394	25.611958891311122	23.466209903456868	23.428838368109624	0.0
224.0	28.554394552700117	21.017289529009382	24.547365778656374	25.88095013963413	0.0
225.0	25.866155454862323	31.070059254095504	20.111537120948064	22.95224817009411	0.0
226.0	25.64991334488735	20.642354069102844	24.610051993067593	29.097680592942215	0.0
227.0	25.31247447103995	27.648884895024917	21.730250796503555	25.308389837431584	0.0
228.0	25.402519396012345	21.87369650454659	21.16459497789272	31.559189121548343	0.0
229.0	26.164439044147432	26.654966023131273	25.07987939336663	22.100715539354667	0.0
230.0	26.179068019541525	23.473318301390456	25.97707628711011	24.37053739195791	0.0
231.0	27.073623014083097	19.976945822683305	23.645567082644213	29.30386408058939	0.0
232.0	19.520457312232043	24.548774678452336	26.491293071507965	29.439474937807653	0.0
233.0	24.704343560957	21.43441059458281	22.5679873562592	31.29325848820099	0.0
234.0	25.966637207247018	24.62439239946973	20.984312859036677	28.424657534246577	0.0
235.0	28.327228327228326	19.704633990348274	22.786208500494215	29.181929181929185	0.0
236.0	25.10317602727436	23.290866678629104	23.583946408278006	28.02201088581853	0.0
237.0	35.032558139534885	21.314728682170543	16.644961240310078	27.007751937984498	0.0
238.0	27.541671968443822	22.782796793485176	23.7307545489248	25.944776689146202	0.0
239.0	28.575442540039337	26.42596234897443	23.819893228434953	21.17870188255128	0.0
240.0	23.380566801619434	21.818970503181028	26.518218623481783	28.282244071717756	0.0
241.0	25.04530353367563	25.468136514648144	23.610691633947447	25.875868317728784	0.0
242.0	20.14433636648886	23.846877941637903	22.819265767179164	33.189519924694075	0.0
243.0	22.465225406401874	20.70554717613541	29.160382101558575	27.66884531590414	0.0
244.0	27.380543141973185	19.80061876933654	27.612581643176348	25.206256445513926	0.0
245.0	24.331501831501832	26.886446886446887	21.63919413919414	27.142857142857142	0.0
246.0	31.809238264780287	24.454230300758926	19.59149255129767	24.14503888316312	0.0
247.0	27.041444398851045	26.867049651210507	22.137874435781697	23.95363151415675	0.0
248.0	28.94572676232065	22.842586816385943	20.867124142233312	27.344562279060096	0.0
249.0	27.9020979020979	22.156177156177158	24.184149184149184	25.757575757575758	0.0
250.0	22.953392900265637	23.858971262979956	25.718425501086696	27.469210335667714	0.0
